5.000000e+00 3.629917e-01
5.250000e+00 2.921812e-01
5.500000e+00 2.201992e-01
5.750000e+00 1.482423e-01
6.000000e+00 7.744830e-02
6.250000e+00 8.881000e-03
6.500000e+00 -5.648281e-02
6.750000e+00 -1.177647e-01
7.000000e+00 -1.741938e-01
7.250000e+00 -2.251135e-01
7.500000e+00 -2.699864e-01
7.750000e+00 -3.083973e-01
8.000000e+00 -3.400533e-01
8.250000e+00 -3.647827e-01
8.500000e+00 -3.825318e-01
8.750000e+00 -3.933603e-01
9.000000e+00 -3.974341e-01
9.250000e+00 -3.950183e-01
9.500000e+00 -3.864675e-01
9.750000e+00 -3.722164e-01
1.000000e+01 -3.527685e-01
1.025000e+01 -3.286852e-01
1.050000e+01 -3.005736e-01
1.075000e+01 -2.690753e-01
1.100000e+01 -2.348540e-01
1.125000e+01 -1.985842e-01
1.150000e+01 -1.609398e-01
1.175000e+01 -1.225840e-01
1.200000e+01 -8.415833e-02
1.225000e+01 -4.627460e-02
1.250000e+01 -9.506005e-03
1.275000e+01 2.561984e-02
1.300000e+01 5.862704e-02
1.325000e+01 8.909645e-02
1.350000e+01 1.166695e-01
1.375000e+01 1.410511e-01
1.400000e+01 1.620109e-01
1.425000e+01 1.793840e-01
1.450000e+01 1.930703e-01
1.475000e+01 2.030330e-01
1.500000e+01 2.092961e-01
1.525000e+01 2.119407e-01
1.550000e+01 2.111016e-01
1.575000e+01 2.069618e-01
1.600000e+01 1.997480e-01
1.625000e+01 1.897242e-01
1.650000e+01 1.771861e-01
1.675000e+01 1.624548e-01
1.700000e+01 1.458704e-01
1.725000e+01 1.277860e-01
1.750000e+01 1.085607e-01
1.775000e+01 8.855475e-02
1.800000e+01 6.812273e-02
1.825000e+01 4.760887e-02
1.850000e+01 2.734189e-02
1.875000e+01 7.630545e-03
1.900000e+01 -1.124025e-02
1.925000e+01 -2.901278e-02
1.950000e+01 -4.545930e-02
1.975000e+01 -6.038413e-02
2.000000e+01 -7.362525e-02
2.025000e+01 -8.505518e-02
2.050000e+01 -9.458133e-02
2.075000e+01 -1.021458e-01
2.100000e+01 -1.077244e-01
2.125000e+01 -1.113258e-01
2.150000e+01 -1.129894e-01
2.175000e+01 -1.127833e-01
2.200000e+01 -1.108021e-01
2.225000e+01 -1.071636e-01
2.250000e+01 -1.020062e-01
2.275000e+01 -9.548574e-02
2.300000e+01 -8.777182e-02
2.325000e+01 -7.904478e-02
2.350000e+01 -6.949217e-02
2.375000e+01 -5.930545e-02
2.400000e+01 -4.867680e-02
2.425000e+01 -3.779601e-02
2.450000e+01 -2.684760e-02
2.475000e+01 -1.600819e-02
2.500000e+01 -5.444033e-03
2.525000e+01 4.691081e-03
2.550000e+01 1.425764e-02
2.575000e+01 2.313196e-02
2.600000e+01 3.120731e-02
2.625000e+01 3.839484e-02
2.650000e+01 4.462408e-02
2.675000e+01 4.984317e-02
2.700000e+01 5.401874e-02
2.725000e+01 5.713562e-02
2.750000e+01 5.919608e-02
2.775000e+01 6.021903e-02
2.800000e+01 6.023890e-02
2.825000e+01 5.930427e-02
2.850000e+01 5.747649e-02
2.875000e+01 5.482807e-02
2.900000e+01 5.144094e-02
2.925000e+01 4.740474e-02
2.950000e+01 4.281502e-02
2.975000e+01 3.777142e-02
3.000000e+01 3.237593e-02
3.025000e+01 2.673109e-02
3.050000e+01 2.093843e-02
3.075000e+01 1.509685e-02
3.100000e+01 9.301195e-03
3.125000e+01 3.640971e-03
3.150000e+01 -1.800833e-03
3.175000e+01 -6.948732e-03
3.200000e+01 -1.173557e-02
3.225000e+01 -1.610320e-02
3.250000e+01 -2.000291e-02
3.275000e+01 -2.339581e-02
3.300000e+01 -2.625290e-02
3.325000e+01 -2.855509e-02
3.350000e+01 -3.029301e-02
3.375000e+01 -3.146665e-02
3.400000e+01 -3.208498e-02
3.425000e+01 -3.216527e-02
3.450000e+01 -3.173251e-02
3.475000e+01 -3.081856e-02
3.500000e+01 -2.946135e-02
3.525000e+01 -2.770400e-02
3.550000e+01 -2.559382e-02
3.575000e+01 -2.318144e-02
3.600000e+01 -2.051977e-02
3.625000e+01 -1.766310e-02
3.650000e+01 -1.466617e-02
3.675000e+01 -1.158325e-02
3.700000e+01 -8.467329e-03
3.725000e+01 -5.369347e-03
3.750000e+01 -2.337465e-03
3.775000e+01 5.835502e-04
3.800000e+01 3.352869e-03
3.825000e+01 5.934054e-03
3.850000e+01 8.295423e-03
3.875000e+01 1.041032e-02
3.900000e+01 1.225728e-02
3.925000e+01 1.382015e-02
3.950000e+01 1.508804e-02
3.975000e+01 1.605526e-02
4.000000e+01 1.672118e-02
4.025000e+01 1.708993e-02
4.050000e+01 1.717019e-02
4.075000e+01 1.697474e-02
4.100000e+01 1.652014e-02
4.125000e+01 1.582620e-02
4.150000e+01 1.491560e-02
4.175000e+01 1.381331e-02
4.200000e+01 1.254613e-02
4.225000e+01 1.114216e-02
4.250000e+01 9.630293e-03
4.275000e+01 8.039721e-03
4.300000e+01 6.399462e-03
4.325000e+01 4.737902e-03
4.350000e+01 3.082381e-03
4.375000e+01 1.458810e-03
4.400000e+01 -1.086705e-04
4.425000e+01 -1.597984e-03
4.450000e+01 -2.989368e-03
4.475000e+01 -4.265574e-03
4.500000e+01 -5.412020e-03
4.525000e+01 -6.416886e-03
4.550000e+01 -7.271171e-03
4.575000e+01 -7.968698e-03
4.600000e+01 -8.506069e-03
4.625000e+01 -8.882589e-03
4.650000e+01 -9.100144e-03
4.675000e+01 -9.163043e-03
4.700000e+01 -9.077833e-03
4.725000e+01 -8.853085e-03
4.750000e+01 -8.499163e-03
4.775000e+01 -8.027969e-03
4.800000e+01 -7.452681e-03
4.825000e+01 -6.787481e-03
4.850000e+01 -6.047285e-03
4.875000e+01 -5.247466e-03
4.900000e+01 -4.403593e-03
4.925000e+01 -3.531171e-03
4.950000e+01 -2.645404e-03
4.975000e+01 -1.760961e-03
5.000000e+01 -8.917791e-04
