5.000000e+00 0.000000e+00
5.250000e+00 7.013424e-01
5.500000e+00 1.237093e+00
5.750000e+00 1.630579e+00
6.000000e+00 1.902801e+00
6.250000e+00 2.072603e+00
6.500000e+00 2.156837e+00
6.750000e+00 2.170512e+00
7.000000e+00 2.126938e+00
7.250000e+00 2.037870e+00
7.500000e+00 1.913625e+00
7.750000e+00 1.763214e+00
8.000000e+00 1.594446e+00
8.250000e+00 1.414042e+00
8.500000e+00 1.227733e+00
8.750000e+00 1.040349e+00
9.000000e+00 8.559136e-01
9.250000e+00 6.777217e-01
9.500000e+00 5.084164e-01
9.750000e+00 3.500600e-01
1.000000e+01 2.042000e-01
1.025000e+01 7.192964e-02
1.050000e+01 -4.605530e-02
1.075000e+01 -1.494047e-01
1.100000e+01 -2.380662e-01
1.125000e+01 -3.122412e-01
1.150000e+01 -3.723446e-01
1.175000e+01 -4.189684e-01
1.200000e+01 -4.528479e-01
1.225000e+01 -4.748320e-01
1.250000e+01 -4.858554e-01
1.275000e+01 -4.869148e-01
1.300000e+01 -4.790465e-01
1.325000e+01 -4.633074e-01
1.350000e+01 -4.407578e-01
1.375000e+01 -4.124466e-01
1.400000e+01 -3.793981e-01
1.425000e+01 -3.426017e-01
1.450000e+01 -3.030016e-01
1.475000e+01 -2.614899e-01
1.500000e+01 -2.189000e-01
1.525000e+01 -1.760020e-01
1.550000e+01 -1.334988e-01
1.575000e+01 -9.202392e-02
1.600000e+01 -5.213969e-02
1.625000e+01 -1.433715e-02
1.650000e+01 2.096389e-02
1.675000e+01 5.341364e-02
1.700000e+01 8.273068e-02
1.725000e+01 1.086996e-01
1.750000e+01 1.311681e-01
1.775000e+01 1.500438e-01
1.800000e+01 1.652908e-01
1.825000e+01 1.769253e-01
1.850000e+01 1.850119e-01
1.875000e+01 1.896591e-01
1.900000e+01 1.910145e-01
1.925000e+01 1.892610e-01
1.950000e+01 1.846115e-01
1.975000e+01 1.773045e-01
2.000000e+01 1.676000e-01
2.025000e+01 1.557744e-01
2.050000e+01 1.421168e-01
2.075000e+01 1.269241e-01
2.100000e+01 1.104979e-01
2.125000e+01 9.313988e-02
2.150000e+01 7.514855e-02
2.175000e+01 5.681591e-02
2.200000e+01 3.842422e-02
2.225000e+01 2.024322e-02
2.250000e+01 2.527496e-03
2.275000e+01 -1.448580e-02
2.300000e+01 -3.057897e-02
2.325000e+01 -4.555551e-02
2.350000e+01 -5.924153e-02
2.375000e+01 -7.148693e-02
2.400000e+01 -8.216623e-02
2.425000e+01 -9.117919e-02
2.450000e+01 -9.845105e-02
2.475000e+01 -1.039326e-01
2.500000e+01 -1.076000e-01
2.525000e+01 -1.094541e-01
2.550000e+01 -1.095201e-01
2.575000e+01 -1.078460e-01
2.600000e+01 -1.045021e-01
2.625000e+01 -9.957914e-02
2.650000e+01 -9.318714e-02
2.675000e+01 -8.545335e-02
2.700000e+01 -7.652060e-02
2.725000e+01 -6.654530e-02
2.750000e+01 -5.569530e-02
2.775000e+01 -4.414773e-02
2.800000e+01 -3.208675e-02
2.825000e+01 -1.970127e-02
2.850000e+01 -7.182559e-03
2.875000e+01 5.278040e-03
2.900000e+01 1.749148e-02
2.925000e+01 2.927329e-02
2.950000e+01 4.044586e-02
2.975000e+01 5.084059e-02
3.000000e+01 6.030000e-02
3.025000e+01 6.867971e-02
3.050000e+01 7.585031e-02
3.075000e+01 8.169905e-02
3.100000e+01 8.613142e-02
3.125000e+01 8.907250e-02
3.150000e+01 9.046815e-02
3.175000e+01 9.028600e-02
3.200000e+01 8.851616e-02
3.225000e+01 8.517179e-02
3.250000e+01 8.028932e-02
3.275000e+01 7.392855e-02
3.300000e+01 6.617232e-02
3.325000e+01 5.712609e-02
3.350000e+01 4.691714e-02
3.375000e+01 3.569348e-02
3.400000e+01 2.362260e-02
3.425000e+01 1.088981e-02
3.450000e+01 -2.303561e-03
3.475000e+01 -1.574237e-02
3.500000e+01 -2.920000e-02
3.525000e+01 -4.244100e-02
3.550000e+01 -5.522397e-02
3.575000e+01 -6.730466e-02
3.600000e+01 -7.843925e-02
3.625000e+01 -8.838785e-02
3.650000e+01 -9.691813e-02
3.675000e+01 -1.038091e-01
3.700000e+01 -1.088550e-01
3.725000e+01 -1.118692e-01
3.750000e+01 -1.126884e-01
3.775000e+01 -1.111762e-01
3.800000e+01 -1.072277e-01
3.825000e+01 -1.007728e-01
3.850000e+01 -9.178012e-02
3.875000e+01 -8.026073e-02
3.900000e+01 -6.627124e-02
3.925000e+01 -4.991693e-02
3.950000e+01 -3.135437e-02
3.975000e+01 -1.079363e-02
4.000000e+01 1.150000e-02
4.025000e+01 3.520489e-02
4.050000e+01 5.994260e-02
4.075000e+01 8.527811e-02
4.100000e+01 1.107210e-01
4.125000e+01 1.357275e-01
4.150000e+01 1.597033e-01
4.175000e+01 1.820082e-01
4.200000e+01 2.019611e-01
4.225000e+01 2.188470e-01
4.250000e+01 2.319254e-01
4.275000e+01 2.404396e-01
4.300000e+01 2.436288e-01
4.325000e+01 2.407413e-01
4.350000e+01 2.310499e-01
4.375000e+01 2.138693e-01
4.400000e+01 1.885764e-01
4.425000e+01 1.546318e-01
4.450000e+01 1.116054e-01
4.475000e+01 5.920358e-02
4.500000e+01 -2.700000e-03
4.525000e+01 -7.403079e-02
4.550000e+01 -1.544763e-01
4.575000e+01 -2.434456e-01
4.600000e+01 -3.400252e-01
4.625000e+01 -4.429306e-01
4.650000e+01 -5.504545e-01
4.675000e+01 -6.604098e-01
4.700000e+01 -7.700691e-01
4.725000e+01 -8.760979e-01
4.750000e+01 -9.744845e-01
4.775000e+01 -1.060463e+00
4.800000e+01 -1.128433e+00
4.825000e+01 -1.171870e+00
4.850000e+01 -1.183233e+00
4.875000e+01 -1.153866e+00
4.900000e+01 -1.073887e+00
4.925000e+01 -9.320806e-01
4.950000e+01 -7.157732e-01
4.975000e+01 -4.107062e-01
5.000000e+01 -9.000000e-04
