0.000000 	
-0.707107 	0.707107 	
-1.224745 	0.000000 	1.224745 	
-1.650680 	-0.524648 	0.524648 	1.650680 	
-2.020183 	-0.958572 	0.000000 	0.958572 	2.020183 	
-2.350605 	-1.335849 	-0.436077 	0.436077 	1.335849 	2.350605 	
-2.651961 	-1.673552 	-0.816288 	0.000000 	0.816288 	1.673552 	2.651961 	
-2.930637 	-1.981657 	-1.157194 	-0.381187 	0.381187 	1.157194 	1.981657 	2.930637 	
-3.190993 	-2.266581 	-1.468553 	-0.723551 	0.000000 	0.723551 	1.468553 	2.266581 	3.190993 	
-3.436159 	-2.532732 	-1.756684 	-1.036611 	-0.342901 	0.342901 	1.036611 	1.756684 	2.532732 	3.436159 	
-3.668471 	-2.783290 	-2.025948 	-1.326557 	-0.656810 	0.000000 	0.656810 	1.326557 	2.025948 	2.783290 	3.668471 	
-3.889725 	-3.020637 	-2.279507 	-1.597683 	-0.947788 	-0.314240 	0.314240 	0.947788 	1.597683 	2.279507 	3.020637 	3.889725 	
-4.101338 	-3.246609 	-2.519736 	-1.853108 	-1.220055 	-0.605764 	0.000000 	0.605764 	1.220055 	1.853108 	2.519736 	3.246609 	4.101338 	
-4.304449 	-3.462657 	-2.748471 	-2.095183 	-1.476683 	-0.878714 	-0.291746 	0.291746 	0.878714 	1.476683 	2.095183 	2.748471 	3.462657 	4.304449 	
-4.499991 	-3.669950 	-2.967167 	-2.325732 	-1.719993 	-1.136116 	-0.565070 	0.000000 	0.565070 	1.136116 	1.719993 	2.325732 	2.967167 	3.669950 	4.499991 	
-4.688739 	-3.869448 	-3.176999 	-2.546202 	-1.951788 	-1.380259 	-0.822951 	-0.273481 	0.273481 	0.822951 	1.380259 	1.951788 	2.546202 	3.176999 	3.869448 	4.688739 	
-4.871345 	-4.061947 	-3.378932 	-2.757763 	-2.173503 	-1.612924 	-1.067649 	-0.531633 	0.000000 	0.531633 	1.067649 	1.612924 	2.173503 	2.757763 	3.378932 	4.061947 	4.871345 	
-5.048364 	-4.248118 	-3.573769 	-2.961378 	-2.386299 	-1.835532 	-1.300921 	-0.776683 	-0.258268 	0.258268 	0.776683 	1.300921 	1.835532 	2.386299 	2.961378 	3.573769 	4.248118 	5.048364 	
-5.220272 	-4.428533 	-3.762187 	-3.157849 	-2.591134 	-2.049232 	-1.524171 	-1.010368 	-0.503520 	0.000000 	0.503520 	1.010368 	1.524171 	2.049232 	2.591134 	3.157849 	3.762187 	4.428533 	5.220272 	
-5.387481 	-4.603682 	-3.944764 	-3.347855 	-2.788806 	-2.254974 	-1.738538 	-1.234076 	-0.737474 	-0.245341 	0.245341 	0.737474 	1.234076 	1.738538 	2.254974 	2.788806 	3.347855 	3.944764 	4.603682 	5.387481 	
