1.772454 	
0.886227 	0.886227 	
0.295409 	1.181636 	0.295409 	
0.081313 	0.804914 	0.804914 	0.081313 	
0.019953 	0.393619 	0.945309 	0.393619 	0.019953 	
0.004530 	0.157067 	0.724630 	0.724630 	0.157067 	0.004530 	
0.000972 	0.054516 	0.425607 	0.810265 	0.425607 	0.054516 	0.000972 	
0.000200 	0.017078 	0.207802 	0.661147 	0.661147 	0.207802 	0.017078 	0.000200 	
0.000040 	0.004944 	0.088475 	0.432652 	0.720235 	0.432652 	0.088475 	0.004944 	0.000040 	
0.000008 	0.001344 	0.033874 	0.240139 	0.610863 	0.610863 	0.240139 	0.033874 	0.001344 	0.000008 	
0.000001 	0.000347 	0.011911 	0.117228 	0.429360 	0.654759 	0.429360 	0.117228 	0.011911 	0.000347 	0.000001 	
0.000000 	0.000086 	0.003905 	0.051608 	0.260492 	0.570135 	0.570135 	0.260492 	0.051608 	0.003905 	0.000086 	0.000000 	
0.000000 	0.000020 	0.001207 	0.020863 	0.140323 	0.421616 	0.604393 	0.421616 	0.140323 	0.020863 	0.001207 	0.000020 	0.000000 	
0.000000 	0.000005 	0.000355 	0.007850 	0.068506 	0.273106 	0.536406 	0.536406 	0.273106 	0.068506 	0.007850 	0.000355 	0.000005 	0.000000 	
0.000000 	0.000001 	0.000100 	0.002778 	0.030780 	0.158489 	0.412029 	0.564100 	0.412029 	0.158489 	0.030780 	0.002778 	0.000100 	0.000001 	0.000000 	
0.000000 	0.000000 	0.000027 	0.000932 	0.012880 	0.083810 	0.280647 	0.507929 	0.507929 	0.280647 	0.083810 	0.012880 	0.000932 	0.000027 	0.000000 	0.000000 	
0.000000 	0.000000 	0.000007 	0.000299 	0.005067 	0.040920 	0.172648 	0.401826 	0.530918 	0.401826 	0.172648 	0.040920 	0.005067 	0.000299 	0.000007 	0.000000 	0.000000 	
0.000000 	0.000000 	0.000002 	0.000092 	0.001889 	0.018640 	0.097302 	0.284807 	0.483496 	0.483496 	0.284807 	0.097302 	0.018640 	0.001889 	0.000092 	0.000002 	0.000000 	0.000000 	
0.000000 	0.000000 	0.000000 	0.000027 	0.000671 	0.007989 	0.050810 	0.183633 	0.391609 	0.502975 	0.391609 	0.183633 	0.050810 	0.007989 	0.000671 	0.000027 	0.000000 	0.000000 	0.000000 	
0.000000 	0.000000 	0.000000 	0.000008 	0.000228 	0.003244 	0.024811 	0.109017 	0.286676 	0.462244 	0.462244 	0.286676 	0.109017 	0.024811 	0.003244 	0.000228 	0.000008 	0.000000 	0.000000 	0.000000 	
