1.000000 	
0.853553 	0.146447 	
0.711093 	0.278518 	0.010389 	
0.603154 	0.357419 	0.038888 	0.000539 	
0.521756 	0.398667 	0.075942 	0.003612 	0.000023 	
0.458965 	0.417001 	0.113373 	0.010399 	0.000261 	0.000001 	
0.409319 	0.421831 	0.147126 	0.020634 	0.001074 	0.000016 	0.000000 	
0.369189 	0.418787 	0.175795 	0.033343 	0.002795 	0.000091 	0.000001 	0.000000 	
0.336126 	0.411214 	0.199288 	0.047461 	0.005600 	0.000305 	0.000007 	0.000000 	0.000000 	
0.308441 	0.401120 	0.218068 	0.062087 	0.009502 	0.000753 	0.000028 	0.000000 	0.000000 	0.000000 	
0.284933 	0.389721 	0.232782 	0.076564 	0.014393 	0.001519 	0.000085 	0.000002 	0.000000 	0.000000 	0.000000 	
0.264731 	0.377759 	0.244082 	0.090449 	0.020102 	0.002664 	0.000203 	0.000008 	0.000000 	0.000000 	0.000000 	0.000000 	
0.247189 	0.365689 	0.252562 	0.103471 	0.026433 	0.004220 	0.000412 	0.000024 	0.000001 	0.000000 	0.000000 	0.000000 	0.000000 	
0.231816 	0.353785 	0.258735 	0.115483 	0.033192 	0.006193 	0.000740 	0.000055 	0.000002 	0.000000 	0.000000 	0.000000 	0.000000 	0.000000 	
0.218235 	0.342210 	0.263028 	0.126426 	0.040207 	0.008564 	0.001212 	0.000112 	0.000006 	0.000000 	0.000000 	0.000000 	0.000000 	0.000000 	0.000000 	
0.206152 	0.331058 	0.265796 	0.136297 	0.047329 	0.011300 	0.001849 	0.000204 	0.000015 	0.000001 	0.000000 	0.000000 	0.000000 	0.000000 	0.000000 	0.000000 	
0.195332 	0.320375 	0.267330 	0.145130 	0.054437 	0.014357 	0.002663 	0.000344 	0.000030 	0.000002 	0.000000 	0.000000 	0.000000 	0.000000 	0.000000 	0.000000 	0.000000 	
0.185589 	0.310182 	0.267867 	0.152980 	0.061435 	0.017687 	0.003660 	0.000541 	0.000056 	0.000004 	0.000000 	0.000000 	0.000000 	0.000000 	0.000000 	0.000000 	0.000000 	0.000000 	
0.176768 	0.300478 	0.267600 	0.159913 	0.068249 	0.021239 	0.004842 	0.000805 	0.000097 	0.000008 	0.000000 	0.000000 	0.000000 	0.000000 	0.000000 	0.000000 	0.000000 	0.000000 	0.000000 	
0.168747 	0.291254 	0.266686 	0.166002 	0.074826 	0.024964 	0.006203 	0.001145 	0.000156 	0.000015 	0.000001 	0.000000 	0.000000 	0.000000 	0.000000 	0.000000 	0.000000 	0.000000 	0.000000 	0.000000 	
