1.000000 	
0.585786 	3.414214 	
0.415775 	2.294280 	6.289945 	
0.322548 	1.745761 	4.536620 	9.395071 	
0.263560 	1.413403 	3.596426 	7.085810 	12.640801 	
0.222847 	1.188932 	2.992736 	5.775144 	9.837467 	15.982874 	
0.193044 	1.026665 	2.567877 	4.900353 	8.182153 	12.734180 	19.395728 	
0.170280 	0.903702 	2.251087 	4.266700 	7.045905 	10.758516 	15.740679 	22.863132 	
0.152322 	0.807220 	2.005135 	3.783474 	6.204957 	9.372985 	13.466237 	18.833598 	26.374072 	
0.137793 	0.729455 	1.808343 	3.401434 	5.552496 	8.330153 	11.843786 	16.279258 	21.996586 	29.920697 	
0.125796 	0.665418 	1.647151 	3.091138 	5.029284 	7.509888 	10.605951 	14.431614 	19.178857 	25.217709 	33.497193 	
0.115722 	0.611757 	1.512610 	2.833751 	4.599228 	6.844525 	9.621317 	13.006055 	17.116855 	22.151090 	28.487967 	37.099121 	
0.107142 	0.566132 	1.398564 	2.616597 	4.238846 	6.292256 	8.815002 	11.861404 	15.510762 	19.884636 	25.185264 	31.800386 	40.723009 	
0.099748 	0.526858 	1.300629 	2.430801 	3.932103 	5.825536 	8.140240 	10.916500 	14.210805 	18.104892 	22.723382 	28.272982 	35.149444 	44.366082 	
0.093308 	0.492692 	1.215595 	2.269950 	3.667623 	5.425337 	7.565916 	10.120229 	13.130282 	16.654408 	20.776479 	25.623894 	31.407519 	38.530683 	48.026086 	
0.087649 	0.462696 	1.141058 	2.129284 	3.437087 	5.078019 	7.070339 	9.438314 	12.214223 	15.441527 	19.180157 	23.515906 	28.578730 	34.583399 	41.940453 	51.701160 	
0.082638 	0.436150 	1.075177 	2.005194 	3.234256 	4.773514 	6.637829 	8.846686 	11.425529 	14.407823 	17.838285 	21.778268 	26.315318 	31.581772 	37.796094 	45.375717 	55.389752 	
0.078169 	0.412490 	1.016520 	1.894889 	3.054353 	4.504206 	6.256725 	8.327825 	10.737990 	13.513656 	16.689306 	20.310768 	24.440681 	29.168209 	34.627927 	41.041817 	48.833923 	59.090546 	
0.074159 	0.391269 	0.963957 	1.796176 	2.893651 	4.264216 	5.918142 	7.868619 	10.132424 	12.730881 	15.691278 	19.048993 	22.850850 	27.160669 	32.069122 	37.712906 	44.317363 	52.312902 	62.802423 	
0.070540 	0.372127 	0.916582 	1.707307 	2.749199 	4.048925 	5.615175 	7.459017 	9.594393 	12.038803 	14.814293 	17.948896 	21.478788 	25.451703 	29.932555 	35.013434 	40.833057 	47.619994 	55.810796 	66.524417 	
