2.000000 	
1.000000 	1.000000 	
0.555556 	0.888889 	0.555556 	
0.347855 	0.652145 	0.652145 	0.347855 	
0.236927 	0.478629 	0.568889 	0.478629 	0.236927 	
0.171324 	0.360762 	0.467914 	0.467914 	0.360762 	0.171324 	
0.129485 	0.279705 	0.381830 	0.417959 	0.381830 	0.279705 	0.129485 	
0.101229 	0.222381 	0.313707 	0.362684 	0.362684 	0.313707 	0.222381 	0.101229 	
0.081274 	0.180648 	0.260611 	0.312347 	0.330239 	0.312347 	0.260611 	0.180648 	0.081274 	
0.066671 	0.149451 	0.219086 	0.269267 	0.295524 	0.295524 	0.269267 	0.219086 	0.149451 	0.066671 	
0.055669 	0.125580 	0.186290 	0.233194 	0.262805 	0.272925 	0.262805 	0.233194 	0.186290 	0.125580 	0.055669 	
0.047175 	0.106939 	0.160078 	0.203167 	0.233493 	0.249147 	0.249147 	0.233493 	0.203167 	0.160078 	0.106939 	0.047175 	
0.040484 	0.092121 	0.138874 	0.178146 	0.207816 	0.226283 	0.232552 	0.226283 	0.207816 	0.178146 	0.138874 	0.092121 	0.040484 	
0.035119 	0.080158 	0.121519 	0.157203 	0.185538 	0.205198 	0.215264 	0.215264 	0.205198 	0.185538 	0.157203 	0.121519 	0.080158 	0.035119 	
0.030753 	0.070366 	0.107159 	0.139571 	0.166269 	0.186161 	0.198431 	0.202578 	0.198431 	0.186161 	0.166269 	0.139571 	0.107159 	0.070366 	0.030753 	
0.027152 	0.062254 	0.095159 	0.124629 	0.149596 	0.169157 	0.182603 	0.189451 	0.189451 	0.182603 	0.169157 	0.149596 	0.124629 	0.095159 	0.062254 	0.027152 	
0.024148 	0.055460 	0.085036 	0.111884 	0.135136 	0.154046 	0.168004 	0.176563 	0.179446 	0.176563 	0.168004 	0.154046 	0.135136 	0.111884 	0.085036 	0.055460 	0.024148 	
0.021616 	0.049715 	0.076426 	0.100942 	0.122555 	0.140643 	0.154685 	0.164276 	0.169142 	0.169142 	0.164276 	0.154685 	0.140643 	0.122555 	0.100942 	0.076426 	0.049715 	0.021616 	
0.019462 	0.044814 	0.069045 	0.091490 	0.111567 	0.128754 	0.142607 	0.152766 	0.158969 	0.161054 	0.158969 	0.152766 	0.142607 	0.128754 	0.111567 	0.091490 	0.069045 	0.044814 	0.019462 	
0.017614 	0.040601 	0.062672 	0.083277 	0.101930 	0.118195 	0.131689 	0.142096 	0.149173 	0.152753 	0.152753 	0.149173 	0.142096 	0.131689 	0.118195 	0.101930 	0.083277 	0.062672 	0.040601 	0.017614 	
