0.000000 	
-0.577350 	0.577350 	
-0.774597 	0.000000 	0.774597 	
-0.861136 	-0.339981 	0.339981 	0.861136 	
-0.906180 	-0.538469 	0.000000 	0.538469 	0.906180 	
-0.932470 	-0.661209 	-0.238619 	0.238619 	0.661209 	0.932470 	
-0.949108 	-0.741531 	-0.405845 	0.000000 	0.405845 	0.741531 	0.949108 	
-0.960290 	-0.796666 	-0.525532 	-0.183435 	0.183435 	0.525532 	0.796666 	0.960290 	
-0.968160 	-0.836031 	-0.613371 	-0.324253 	0.000000 	0.324253 	0.613371 	0.836031 	0.968160 	
-0.973907 	-0.865063 	-0.679410 	-0.433395 	-0.148874 	0.148874 	0.433395 	0.679410 	0.865063 	0.973907 	
-0.978229 	-0.887063 	-0.730152 	-0.519096 	-0.269543 	0.000000 	0.269543 	0.519096 	0.730152 	0.887063 	0.978229 	
-0.981561 	-0.904117 	-0.769903 	-0.587318 	-0.367831 	-0.125233 	0.125233 	0.367831 	0.587318 	0.769903 	0.904117 	0.981561 	
-0.984183 	-0.917598 	-0.801578 	-0.642349 	-0.448493 	-0.230458 	0.000000 	0.230458 	0.448493 	0.642349 	0.801578 	0.917598 	0.984183 	
-0.986284 	-0.928435 	-0.827201 	-0.687293 	-0.515249 	-0.319112 	-0.108055 	0.108055 	0.319112 	0.515249 	0.687293 	0.827201 	0.928435 	0.986284 	
-0.987993 	-0.937273 	-0.848207 	-0.724418 	-0.570972 	-0.394151 	-0.201194 	0.000000 	0.201194 	0.394151 	0.570972 	0.724418 	0.848207 	0.937273 	0.987993 	
-0.989401 	-0.944575 	-0.865631 	-0.755404 	-0.617876 	-0.458017 	-0.281604 	-0.095013 	0.095013 	0.281604 	0.458017 	0.617876 	0.755404 	0.865631 	0.944575 	0.989401 	
-0.990575 	-0.950676 	-0.880239 	-0.781514 	-0.657671 	-0.512691 	-0.351232 	-0.178484 	0.000000 	0.178484 	0.351232 	0.512691 	0.657671 	0.781514 	0.880239 	0.950676 	0.990575 	
-0.991565 	-0.955824 	-0.892602 	-0.803705 	-0.691687 	-0.559771 	-0.411751 	-0.251886 	-0.084775 	0.084775 	0.251886 	0.411751 	0.559771 	0.691687 	0.803705 	0.892602 	0.955824 	0.991565 	
-0.992407 	-0.960208 	-0.903156 	-0.822715 	-0.720966 	-0.600545 	-0.464571 	-0.316564 	-0.160359 	0.000000 	0.160359 	0.316564 	0.464571 	0.600545 	0.720966 	0.822715 	0.903156 	0.960208 	0.992407 	
-0.993129 	-0.963972 	-0.912234 	-0.839117 	-0.746332 	-0.636054 	-0.510867 	-0.373706 	-0.227786 	-0.076527 	0.076527 	0.227786 	0.373706 	0.510867 	0.636054 	0.746332 	0.839117 	0.912234 	0.963972 	0.993129 	
