0.000000 	
-1.000000 	1.000000 	
-1.000000 	0.000000 	1.000000 	
-1.000000 	-0.500000 	0.500000 	1.000000 	
-1.000000 	-0.707107 	0.000000 	0.707107 	1.000000 	
-1.000000 	-0.809017 	-0.309017 	0.309017 	0.809017 	1.000000 	
-1.000000 	-0.866025 	-0.500000 	0.000000 	0.500000 	0.866025 	1.000000 	
-1.000000 	-0.900969 	-0.623490 	-0.222521 	0.222521 	0.623490 	0.900969 	1.000000 	
-1.000000 	-0.923880 	-0.707107 	-0.382683 	0.000000 	0.382683 	0.707107 	0.923880 	1.000000 	
-1.000000 	-0.939693 	-0.766044 	-0.500000 	-0.173648 	0.173648 	0.500000 	0.766044 	0.939693 	1.000000 	
-1.000000 	-0.951057 	-0.809017 	-0.587785 	-0.309017 	0.000000 	0.309017 	0.587785 	0.809017 	0.951057 	1.000000 	
-1.000000 	-0.959493 	-0.841254 	-0.654861 	-0.415415 	-0.142315 	0.142315 	0.415415 	0.654861 	0.841254 	0.959493 	1.000000 	
-1.000000 	-0.965926 	-0.866025 	-0.707107 	-0.500000 	-0.258819 	0.000000 	0.258819 	0.500000 	0.707107 	0.866025 	0.965926 	1.000000 	
-1.000000 	-0.970942 	-0.885456 	-0.748511 	-0.568065 	-0.354605 	-0.120537 	0.120537 	0.354605 	0.568065 	0.748511 	0.885456 	0.970942 	1.000000 	
-1.000000 	-0.974928 	-0.900969 	-0.781831 	-0.623490 	-0.433884 	-0.222521 	0.000000 	0.222521 	0.433884 	0.623490 	0.781831 	0.900969 	0.974928 	1.000000 	
-1.000000 	-0.978148 	-0.913545 	-0.809017 	-0.669131 	-0.500000 	-0.309017 	-0.104528 	0.104528 	0.309017 	0.500000 	0.669131 	0.809017 	0.913545 	0.978148 	1.000000 	
-1.000000 	-0.980785 	-0.923880 	-0.831470 	-0.707107 	-0.555570 	-0.382683 	-0.195090 	0.000000 	0.195090 	0.382683 	0.555570 	0.707107 	0.831470 	0.923880 	0.980785 	1.000000 	
-1.000000 	-0.982973 	-0.932472 	-0.850217 	-0.739009 	-0.602635 	-0.445738 	-0.273663 	-0.092268 	0.092268 	0.273663 	0.445738 	0.602635 	0.739009 	0.850217 	0.932472 	0.982973 	1.000000 	
-1.000000 	-0.984808 	-0.939693 	-0.866025 	-0.766044 	-0.642788 	-0.500000 	-0.342020 	-0.173648 	0.000000 	0.173648 	0.342020 	0.500000 	0.642788 	0.766044 	0.866025 	0.939693 	0.984808 	1.000000 	
-1.000000 	-0.986361 	-0.945817 	-0.879474 	-0.789141 	-0.677282 	-0.546948 	-0.401695 	-0.245485 	-0.082579 	0.082579 	0.245485 	0.401695 	0.546948 	0.677282 	0.789141 	0.879474 	0.945817 	0.986361 	1.000000 	
