2.000000 	
1.000000 	1.000000 	
0.444444 	1.111111 	0.444444 	
0.264298 	0.735702 	0.735702 	0.264298 	
0.167781 	0.525552 	0.613333 	0.525552 	0.167781 	
0.118661 	0.377778 	0.503561 	0.503561 	0.377778 	0.118661 	
0.086716 	0.287831 	0.398242 	0.454422 	0.398242 	0.287831 	0.086716 	
0.066983 	0.222988 	0.324153 	0.385877 	0.385877 	0.324153 	0.222988 	0.066983 	
0.052737 	0.179189 	0.264037 	0.330845 	0.346384 	0.330845 	0.264037 	0.179189 	0.052737 	
0.042939 	0.145875 	0.220317 	0.280879 	0.309989 	0.309989 	0.280879 	0.220317 	0.145875 	0.042939 	
0.035398 	0.121696 	0.184883 	0.241990 	0.272495 	0.287079 	0.272495 	0.241990 	0.184883 	0.121696 	0.035398 	
0.029845 	0.102505 	0.157991 	0.208542 	0.241410 	0.259707 	0.259707 	0.241410 	0.208542 	0.157991 	0.102505 	0.029845 	
0.025383 	0.087854 	0.135786 	0.182060 	0.212973 	0.235564 	0.240761 	0.235564 	0.212973 	0.182060 	0.135786 	0.087854 	0.025383 	
0.021939 	0.075846 	0.118322 	0.159368 	0.189562 	0.212055 	0.222908 	0.222908 	0.212055 	0.189562 	0.159368 	0.118322 	0.075846 	0.021939 	
0.019084 	0.066331 	0.103618 	0.140996 	0.168723 	0.191972 	0.204263 	0.210027 	0.204263 	0.191972 	0.168723 	0.140996 	0.103618 	0.066331 	0.019084 	
0.016803 	0.058336 	0.091718 	0.125130 	0.151392 	0.173419 	0.187750 	0.195451 	0.195451 	0.187750 	0.173419 	0.151392 	0.125130 	0.091718 	0.058336 	0.016803 	
0.014867 	0.051820 	0.081524 	0.112017 	0.136030 	0.157592 	0.171888 	0.182064 	0.184395 	0.182064 	0.171888 	0.157592 	0.136030 	0.112017 	0.081524 	0.051820 	0.014867 	
0.013279 	0.046238 	0.073084 	0.100575 	0.123081 	0.143204 	0.158024 	0.168676 	0.173839 	0.173839 	0.168676 	0.158024 	0.143204 	0.123081 	0.100575 	0.073084 	0.046238 	0.013279 	
0.011907 	0.041585 	0.065746 	0.090949 	0.111566 	0.130846 	0.145090 	0.156694 	0.162798 	0.165637 	0.162798 	0.156694 	0.145090 	0.130846 	0.111566 	0.090949 	0.065746 	0.041585 	0.011907 	
0.010758 	0.037537 	0.059556 	0.082463 	0.101731 	0.119653 	0.133782 	0.145225 	0.152680 	0.156615 	0.156615 	0.152680 	0.145225 	0.133782 	0.119653 	0.101731 	0.082463 	0.059556 	0.037537 	0.010758 	
