0.000000 	
-0.707107 	0.707107 	
-0.866025 	0.000000 	0.866025 	
-0.923880 	-0.382683 	0.382683 	0.923880 	
-0.951057 	-0.587785 	0.000000 	0.587785 	0.951057 	
-0.965926 	-0.707107 	-0.258819 	0.258819 	0.707107 	0.965926 	
-0.974928 	-0.781831 	-0.433884 	0.000000 	0.433884 	0.781831 	0.974928 	
-0.980785 	-0.831470 	-0.555570 	-0.195090 	0.195090 	0.555570 	0.831470 	0.980785 	
-0.984808 	-0.866025 	-0.642788 	-0.342020 	0.000000 	0.342020 	0.642788 	0.866025 	0.984808 	
-0.987688 	-0.891007 	-0.707107 	-0.453990 	-0.156434 	0.156434 	0.453990 	0.707107 	0.891007 	0.987688 	
-0.989821 	-0.909632 	-0.755750 	-0.540641 	-0.281733 	0.000000 	0.281733 	0.540641 	0.755750 	0.909632 	0.989821 	
-0.991445 	-0.923880 	-0.793353 	-0.608761 	-0.382683 	-0.130526 	0.130526 	0.382683 	0.608761 	0.793353 	0.923880 	0.991445 	
-0.992709 	-0.935016 	-0.822984 	-0.663123 	-0.464723 	-0.239316 	0.000000 	0.239316 	0.464723 	0.663123 	0.822984 	0.935016 	0.992709 	
-0.993712 	-0.943883 	-0.846724 	-0.707107 	-0.532032 	-0.330279 	-0.111964 	0.111964 	0.330279 	0.532032 	0.707107 	0.846724 	0.943883 	0.993712 	
-0.994522 	-0.951057 	-0.866025 	-0.743145 	-0.587785 	-0.406737 	-0.207912 	0.000000 	0.207912 	0.406737 	0.587785 	0.743145 	0.866025 	0.951057 	0.994522 	
-0.995185 	-0.956940 	-0.881921 	-0.773010 	-0.634393 	-0.471397 	-0.290285 	-0.098017 	0.098017 	0.290285 	0.471397 	0.634393 	0.773010 	0.881921 	0.956940 	0.995185 	
-0.995734 	-0.961826 	-0.895163 	-0.798017 	-0.673696 	-0.526432 	-0.361242 	-0.183750 	0.000000 	0.183750 	0.361242 	0.526432 	0.673696 	0.798017 	0.895163 	0.961826 	0.995734 	
-0.996195 	-0.965926 	-0.906308 	-0.819152 	-0.707107 	-0.573576 	-0.422618 	-0.258819 	-0.087156 	0.087156 	0.258819 	0.422618 	0.573576 	0.707107 	0.819152 	0.906308 	0.965926 	0.996195 	
-0.996584 	-0.969400 	-0.915773 	-0.837166 	-0.735724 	-0.614213 	-0.475947 	-0.324699 	-0.164595 	0.000000 	0.164595 	0.324699 	0.475947 	0.614213 	0.735724 	0.837166 	0.915773 	0.969400 	0.996584 	
-0.996917 	-0.972370 	-0.923880 	-0.852640 	-0.760406 	-0.649448 	-0.522499 	-0.382683 	-0.233445 	-0.078459 	0.078459 	0.233445 	0.382683 	0.522499 	0.649448 	0.760406 	0.852640 	0.923880 	0.972370 	0.996917 	
