3.141593	
1.570796	1.570796	
1.047198	1.047198	1.047198	
0.785398	0.785398	0.785398	0.785398	
0.628319	0.628319	0.628319	0.628319	0.628319	
0.523599	0.523599	0.523599	0.523599	0.523599	0.523599	
0.448799	0.448799	0.448799	0.448799	0.448799	0.448799	0.448799	
0.392699	0.392699	0.392699	0.392699	0.392699	0.392699	0.392699	0.392699	
0.349066	0.349066	0.349066	0.349066	0.349066	0.349066	0.349066	0.349066	0.349066	
0.314159	0.314159	0.314159	0.314159	0.314159	0.314159	0.314159	0.314159	0.314159	0.314159	
0.285599	0.285599	0.285599	0.285599	0.285599	0.285599	0.285599	0.285599	0.285599	0.285599	0.285599	
0.261799	0.261799	0.261799	0.261799	0.261799	0.261799	0.261799	0.261799	0.261799	0.261799	0.261799	0.261799	
0.241661	0.241661	0.241661	0.241661	0.241661	0.241661	0.241661	0.241661	0.241661	0.241661	0.241661	0.241661	0.241661	
0.224399	0.224399	0.224399	0.224399	0.224399	0.224399	0.224399	0.224399	0.224399	0.224399	0.224399	0.224399	0.224399	0.224399	
0.209440	0.209440	0.209440	0.209440	0.209440	0.209440	0.209440	0.209440	0.209440	0.209440	0.209440	0.209440	0.209440	0.209440	0.209440	
0.196350	0.196350	0.196350	0.196350	0.196350	0.196350	0.196350	0.196350	0.196350	0.196350	0.196350	0.196350	0.196350	0.196350	0.196350	0.196350	
0.184800	0.184800	0.184800	0.184800	0.184800	0.184800	0.184800	0.184800	0.184800	0.184800	0.184800	0.184800	0.184800	0.184800	0.184800	0.184800	0.184800	
0.174533	0.174533	0.174533	0.174533	0.174533	0.174533	0.174533	0.174533	0.174533	0.174533	0.174533	0.174533	0.174533	0.174533	0.174533	0.174533	0.174533	0.174533	
0.165347	0.165347	0.165347	0.165347	0.165347	0.165347	0.165347	0.165347	0.165347	0.165347	0.165347	0.165347	0.165347	0.165347	0.165347	0.165347	0.165347	0.165347	0.165347	
0.157080	0.157080	0.157080	0.157080	0.157080	0.157080	0.157080	0.157080	0.157080	0.157080	0.157080	0.157080	0.157080	0.157080	0.157080	0.157080	0.157080	0.157080	0.157080	0.157080	
