1 1.000000 1.224745 1.207107 1.218866 
2 1.112372 1.220455 1.215926 1.218945 
3 1.148565 1.219625 1.217601 1.218950 
4 1.166414 1.219331 1.218190 1.218951 
5 1.177043 1.219195 1.218464 1.218951 
6 1.184095 1.219121 1.218613 1.218951 
7 1.189116 1.219076 1.218703 1.218951 
8 1.192872 1.219047 1.218761 1.218951 
9 1.195789 1.219027 1.218801 1.218951 
10 1.198119 1.219012 1.218829 1.218951 
11 1.200023 1.219002 1.218851 1.218951 
12 1.201608 1.218994 1.218867 1.218951 
13 1.202948 1.218988 1.218879 1.218951 
14 1.204096 1.218983 1.218889 1.218951 
15 1.205090 1.218979 1.218897 1.218951 
16 1.205960 1.218975 1.218904 1.218951 
17 1.206726 1.218973 1.218909 1.218951 
18 1.207408 1.218970 1.218914 1.218951 
19 1.208017 1.218968 1.218918 1.218951 
20 1.208566 1.218967 1.218921 1.218951 
